,distance,ZipCode
621,0.009218830078508544,22214
612,0.015736098220825584,22202
619,0.020227600040951477,22211
21,0.020369616787118124,20037
41,0.02252775489489514,20418
52,0.023345604145533265,20551
47,0.0240531500726307,20520
31,0.02438955619191812,20245
55,0.0247288032260598,20566
40,0.02598370771367368,20415
30,0.026345962328220025,20240
18,0.02700502610260378,20024
32,0.027197679176811474,20250
618,0.02780673795103624,22209
23,0.028200627664335502,20052
44,0.029589804774963792,20431
29,0.030005074292624005,20230
5,0.03052174305319992,20006
43,0.031360447328637575,20427
33,0.033353523805845414,20260
28,0.03340296129231512,20220
53,0.0341357228585421,20560
22,0.03555897550808986,20045
626,0.03591889477380745,22305
56,0.03655700839774785,20591
3,0.037616294471942875,20004
48,0.037771619181194954,20530
20,0.038073193674873836,20036
49,0.03901137565010144,20535
39,0.03931063703368963,20408
35,0.0396656948916637,20319
4,0.040804890540968725,20005
54,0.040980225110206624,20565
611,0.04146089197389364,22201
24,0.04146915258307219,20057
616,0.042587374148514816,22206
27,0.044034844171407114,20204
614,0.04407247313046944,22204
6,0.04585710090083813,20007
36,0.04793955627024255,20373
46,0.04958055393094424,20515
8,0.051469325916056734,20009
622,0.052091164609183116,22301
623,0.05213195105142292,22302
45,0.05362803631607887,20510
0,0.05400467234852673,20001
50,0.05401481174351682,20540
19,0.057774258341836096,20032
613,0.06012046227152387,22203
37,0.0615007955610351,20388
25,0.06218810346654916,20059
38,0.0629552890497078,20390
7,0.0635100059192603,20008
634,0.06464153357582926,22314
9,0.06556032738788325,20010
2,0.0667282940337433,20003
42,0.07184868464903404,20422
51,0.07494755117133019,20542
13,0.07497418310412711,20016
617,0.07592298617401269,22207
632,0.07664245012957374,22311
34,0.07779646537839205,20317
1,0.07926953318794946,20002
624,0.081998929926293,22303
17,0.08241498997238822,20020
625,0.08274016068015312,22304
615,0.08394527567008564,22205
26,0.08605957949234186,20064
10,0.0874903371027049,20011
587,0.08895924320971262,22041
143,0.09044048292489942,20745
14,0.09162478150049941,20017
12,0.09467486368240231,20015
15,0.09944521134229961,20018
590,0.10072468767006498,22044
628,0.10115880912650503,22307
174,0.10478388421252813,20816
620,0.10846588371483658,22213
631,0.10958884751714291,22310
11,0.10969241416198065,20012
633,0.11191348327862748,22312
173,0.11390663452859383,20815
125,0.11559668295585952,20712
16,0.11612505918392664,20019
627,0.12096127140568826,22306
218,0.1229777299621273,20912
131,0.12413462328840694,20722
591,0.1248403693327135,22046
146,0.12754998981498694,20748
595,0.1276033320247865,22101
171,0.12885740560738,20812
166,0.13020618707771006,20782
217,0.13183646766167517,20910
207,0.13218025745575632,20894
205,0.13436368176306546,20889
206,0.13710356686834316,20892
588,0.1379464977377337,22042
142,0.13871880300052403,20744
165,0.1388840432731512,20781
172,0.14103429143393031,20814
144,0.1414293716399754,20746
629,0.14240849436837047,22308
589,0.14405349911928145,22043
176,0.14645822297094488,20818
635,0.14678821915179593,22315
123,0.14775884768000702,20710
167,0.15495413969199934,20783
208,0.15648784611377553,20895
175,0.15663455401226872,20817
211,0.15683828642712402,20901
630,0.16091568658422886,22309
576,0.1629955673703247,22003
141,0.16311005984808305,20743
600,0.16378565311573534,22150
140,0.16637274449780007,20742
213,0.16674886785301068,20903
580,0.16675563107293004,22027
138,0.16721633759729415,20737
209,0.16776478202199474,20896
601,0.16815610280917404,22151
212,0.1724358819988632,20902
145,0.17352848820717287,20747
169,0.1800582340951728,20785
139,0.1805744853680309,20740
168,0.1841110469560502,20784
596,0.19034135735973903,22102
186,0.19211019544104196,20852
152,0.19283770798125516,20762
136,0.19361577145320152,20735
592,0.19442564245896804,22060
605,0.19942443684302966,22180
602,0.1999129080378159,22152
61,0.2028128627515494,20607
582,0.20396795268642,22031
214,0.2088853051024958,20904
157,0.21322359718214942,20770
185,0.21560954649105474,20851
216,0.2166252458274558,20906
603,0.21912488032639066,22153
68,0.21989638738530973,20616
120,0.2256891453001514,20706
607,0.22656532639597726,22182
188,0.2314819679812916,20854
119,0.23315105307390097,20705
187,0.23357761583853082,20853
583,0.23968663746278698,22032
158,0.2398590382949001,20771
577,0.24026011675449319,22015
606,0.24066972109383084,22181
594,0.24312809614829217,22079
215,0.24750924846652014,20905
184,0.25182185729785284,20850
75,0.25436175893085516,20623
59,0.25560546912496135,20603
156,0.2666286634279168,20769
193,0.26730184159872294,20866
194,0.2682211271085082,20868
130,0.2719692281481444,20721
597,0.27459734667854163,22124
189,0.27565407951544557,20855
598,0.27893500183501413,22125
177,0.2799013247368689,20832
190,0.2799356652278517,20860
191,0.2805196135166152,20861
122,0.2815152898108727,20708
121,0.2822235957368406,20707
593,0.2824729738313955,22066
586,0.2863568211214932,22039
160,0.28709031952892805,20774
581,0.2874716389703511,22030
103,0.29137838001044486,20675
202,0.2936694316489041,20880
571,0.2950886388208242,20190
117,0.2951936926193597,20695
129,0.29798068670115263,20720
199,0.2995383370182991,20877
159,0.3020196978642179,20772
572,0.3020531711036346,20191
585,0.30677697264421994,22035
573,0.3068722459216468,20194
200,0.3084448641615909,20878
151,0.3097151794020826,20759
192,0.31070280868522165,20862
162,0.3155688932213331,20777
210,0.31591512877905314,20899
94,0.31938883612800983,20658
201,0.320418022420463,20879
66,0.3206933855557497,20613
57,0.32223971319746947,20601
609,0.3226063338085356,22192
608,0.3256624223684301,22191
132,0.32572381950760726,20723
584,0.32790155392832016,22033
58,0.3307927035179993,20602
178,0.3339889504814315,20833
87,0.33617252906197015,20640
127,0.3367008992254234,20715
133,0.33768418425173896,20724
204,0.3382168299174505,20886
562,0.341883092093775,20170
128,0.3458336715819452,20716
563,0.3459604365754945,20171
543,0.3467912223133442,20124
230,0.35025031073281115,21029
197,0.3523594524276297,20874
153,0.35484059805397755,20763
89,0.3553224054329649,20646
236,0.36622265288004563,21036
558,0.3674594911995666,20164
243,0.370093723678898,21046
203,0.37066200787540005,20882
118,0.37138700257199436,20701
610,0.3718671869788436,22193
105,0.37238455622899785,20677
559,0.3771983691274236,20165
198,0.37875886217244153,20876
241,0.3800597151451256,21044
445,0.38410366433840076,21737
149,0.38543182696427963,20755
69,0.3857598993528176,20617
170,0.3865934857605472,20794
272,0.3868781904706373,21113
579,0.3869824126628722,22026
554,0.38895104169151584,20151
536,0.3937504178129592,20111
273,0.39705766014085303,21114
578,0.40046968484795065,22025
242,0.4050939149976079,21045
542,0.4075007524919696,20121
446,0.4089294640035222,21738
124,0.4093982085465638,20711
182,0.4136769639967556,20841
116,0.41402936038090277,20693
250,0.4152032028288142,21054
64,0.415548666432307,20611
560,0.41936618802930037,20166
235,0.42249675814786614,21035
537,0.4226026072587276,20112
148,0.42377680984771926,20754
541,0.4238657513073499,20120
179,0.42603155413718147,20837
239,0.43144318127060155,21042
478,0.4330112002914531,21794
85,0.44358520600444357,20637
258,0.44663350219236014,21076
604,0.4468467763920741,22172
195,0.4481427935774826,20871
535,0.44861301968493966,20110
196,0.4488977400457509,20872
161,0.4496191781126958,20776
257,0.4498195181092485,21075
62,0.45117495099166544,20608
284,0.45296752614670327,21144
552,0.45596378293356665,20147
82,0.45700611416279335,20632
259,0.45747575354889014,21077
441,0.4585821167405584,21723
480,0.46108706575810265,21797
98,0.46122498436815695,20662
555,0.46369452787119025,20152
240,0.46430366839945814,21043
137,0.4643446900496808,20736
74,0.46938554902544877,20622
181,0.47174329822677225,20839
180,0.4725715411693529,20838
283,0.47715316688024384,21140
233,0.4803745474443311,21032
534,0.48098402494212433,20109
270,0.4862163811124931,21108
150,0.4866650896079666,20758
332,0.4894602573446278,21240
599,0.4899534592490101,22134
163,0.49105870146701114,20778
553,0.49108057648304015,20148
164,0.4916832089150549,20779
183,0.49886588176386093,20842
147,0.49997974468832845,20751
268,0.5013782683002282,21104
323,0.5063232095590597,21228
296,0.5089112038355819,21163
155,0.5104659147125854,20765
550,0.5116736486282059,20143
113,0.5120652889356697,20689
254,0.5132745728579888,21061
265,0.5143333915964656,21090
237,0.51448740398014,21037
334,0.5160352996932938,21250
547,0.5162678509644953,20136
340,0.5193269088411476,21401
86,0.5196091017516153,20639
460,0.5210752114184796,21770
65,0.5256713036546701,20612
322,0.5271550951234996,21227
135,0.5290107239350039,20733
451,0.5302292651854803,21754
343,0.5306686067590844,21405
649,0.5325358291635456,22448
461,0.5334558767829992,21771
472,0.5354995190113409,21784
333,0.5374243928075849,21244
567,0.5380496248253568,20181
126,0.538866071195215,20714
99,0.5398080753112339,20664
285,0.5407200060248599,21146
154,0.5461884074864556,20764
324,0.5515933893903384,21229
677,0.5556494414706912,22554
95,0.5569823314801113,20659
134,0.5570681612225927,20732
253,0.5583730243035977,21060
532,0.5588792533928045,20105
281,0.5611881265848023,21133
302,0.5634588719883755,21207
320,0.5656950730765641,21225
342,0.5679825842378778,21403
556,0.5689272244067347,20155
565,0.5696187245976786,20176
429,0.5742000951297946,21704
106,0.5746981123245766,20678
564,0.5760689150471122,20175
318,0.5765637019314174,21223
431,0.5785990485647975,21710
463,0.5809862374513484,21774
311,0.5836955545236346,21216
223,0.5853998510019592,21012
475,0.5855130494106349,21790
325,0.5866704633086428,21230
561,0.5899581234906004,20169
88,0.590939522567254,20645
341,0.5957373977586391,21402
321,0.5970300731174797,21226
678,0.5977795117950346,22556
437,0.598785792283338,21717
73,0.6013791983219343,20621
310,0.6028015664282274,21215
312,0.6033103312931066,21217
297,0.6059403310620077,21201
276,0.6081522037128899,21122
658,0.609140723055977,22485
303,0.6096338516470559,21208
96,0.6118991810276472,20660
544,0.6132230238636731,20129
327,0.6168159991610278,21233
298,0.6181919775091346,21202
306,0.6186484959522035,21211
274,0.6211042843951579,21117
326,0.6232674314021905,21231
465,0.6236822198871669,21777
540,0.624280852165744,20119
76,0.6258027198233764,20624
344,0.6265907138569653,21409
304,0.6335768626614412,21209
339,0.6336453506059393,21287
104,0.6377899140351809,20676
456,0.6382257406900863,21762
426,0.6393266076136204,21701
245,0.640520238811935,21048
430,0.6429474686812534,21705
97,0.6430242836348771,20661
305,0.6436738286591771,21210
77,0.6441810801375364,20625
313,0.6451039446469701,21218
287,0.6469434888171609,21153
428,0.6477054413943734,21703
70,0.6481683676714469,20618
464,0.6483883632927099,21776
574,0.6512793071894091,20197
308,0.6525429578784658,21213
92,0.6530597681481304,20656
300,0.6537677028037776,21205
251,0.6557408499728848,21056
637,0.6558710902321386,22405
557,0.6565966120657257,20158
319,0.6593199065716143,21224
255,0.6615361018735977,21071
307,0.664081994811688,21212
282,0.6643521544464933,21136
335,0.6745947090735556,21251
63,0.6754173474440281,20609
548,0.6767571248836072,20137
337,0.6773206018105671,21285
67,0.6801243865298479,20615
331,0.6807533408069237,21239
291,0.6810425074235876,21157
477,0.6812010435102342,21793
299,0.6812474787012107,21204
476,0.6833526333488237,21791
317,0.6844963596706569,21222
109,0.6850149567153289,20685
336,0.6859881081378065,21252
309,0.6874437517468782,21214
638,0.6875563452218528,22406
539,0.6931637063496477,20117
648,0.6936517668588674,22443
60,0.6946537979852289,20606
731,0.6953955221263011,22728
248,0.6959611618432823,21052
301,0.6986085858317268,21206
266,0.7005573561887414,21093
78,0.703029533127837,20626
570,0.7033915298212384,20187
566,0.7036102201479132,20180
434,0.704260512988033,21714
575,0.7049812362063983,20198
84,0.7076987722633753,20636
452,0.7084418465240737,21755
724,0.7084912084067243,22720
481,0.709719924167606,21798
314,0.7099500923521981,21219
670,0.7162204839324878,22538
636,0.7165816872889922,22401
413,0.7217304883904185,21665
436,0.7236815553493798,21716
228,0.7244944210018024,21023
338,0.7255282500508521,21286
414,0.7267440857105983,21666
427,0.7287925326417686,21702
330,0.730781351948105,21237
231,0.7310369212473035,21030
546,0.7329442830848268,20132
232,0.7331347733496246,21031
90,0.7345145359189811,20650
328,0.7402183835333727,21234
418,0.7417226502356171,21671
289,0.7432993673225609,21155
316,0.7470359145652069,21221
454,0.7548031171267857,21757
422,0.7556984189092859,21676
640,0.7572686979658547,22408
669,0.7617670756107573,22535
663,0.7656077204232339,22509
459,0.7667961646213474,21769
329,0.7694082814884107,21236
455,0.7694436248288694,21758
717,0.770182146619137,22712
438,0.7733111872731676,21718
286,0.7741224288447528,21152
744,0.7747708099847301,22742
549,0.7749547011408905,20141
292,0.7750197768863111,21158
256,0.7752759719559931,21074
396,0.7764453657282219,21647
374,0.7811171110669052,21619
93,0.782151202796029,20657
378,0.7851048494751072,21624
71,0.7851602993897565,20619
639,0.7863842550553328,22407
435,0.7887240291322112,21715
371,0.788960607900326,21612
401,0.7899231724100376,21652
279,0.7940331679011482,21131
466,0.7951903499315156,21778
112,0.7954648380232355,20688
666,0.7957273214824688,22520
739,0.797721144318764,22736
252,0.7988700533982953,21057
80,0.8037055815858812,20629
569,0.8073593612998193,20186
473,0.8082271844487551,21787
474,0.8085333429495406,21788
277,0.8102728030552415,21128
315,0.81177899996566,21220
467,0.8139290214958501,21779
645,0.8251853900083879,22436
411,0.8280337464885057,21663
737,0.8297225280826434,22734
462,0.8302596150798003,21773
568,0.8325575093787086,20184
641,0.8325643691456046,22427
72,0.833041880088776,20620
655,0.833978510122648,22476
295,0.8353684458534327,21162
647,0.8359920328167972,22438
676,0.8411914963706755,22553
83,0.8414886012725991,20634
267,0.8421381038006437,21102
538,0.842847414836596,20115
261,0.8485611760518627,21082
271,0.8492639764261203,21111
247,0.850351101858665,21051
224,0.8532128874171556,21013
684,0.8555262190280029,22580
389,0.8568127455145664,21638
264,0.8609373226140569,21087
442,0.8616396970938176,21727
722,0.8628894411690727,22718
275,0.8630818940331222,21120
101,0.8672271097723637,20670
290,0.8686490356799941,21156
410,0.868774399947251,21662
453,0.8710956526796164,21756
417,0.8748371552804495,21669
409,0.8752471416846308,21661
115,0.8808433179062499,20692
551,0.882657665210066,20144
727,0.8841568303129124,22724
402,0.8877023377432119,21653
114,0.8882432655758473,20690
249,0.8888593141851002,21053
100,0.8950670019474115,20667
729,0.8950790425885435,22726
433,0.8965514894993899,21713
91,0.8973703382989245,20653
545,0.899678915503815,20130
244,0.9017585555962089,21047
652,0.9030876801152817,22469
468,0.9038831228635502,21780
397,0.9040584318877604,21648
263,0.9046379431000066,21085
719,0.9080197305513056,22714
470,0.9139398110138571,21782
81,0.9167146177943984,20630
743,0.9171123616465645,22741
222,0.9176833649857844,21010
665,0.9190709894527572,22514
406,0.9206893008589975,21658
662,0.9207809774615988,22508
110,0.9231645601715209,20686
102,0.9247841236035057,20674
471,0.9253540079777444,21783
294,0.9286420554081919,21161
269,0.9349776262600042,21105
681,0.9395558513295185,22572
667,0.940421348513842,22529
439,0.9437305390179299,21719
659,0.9461525645484494,22488
238,0.9481239414320889,21040
403,0.9485886094153947,21654
262,0.9519899931963466,21084
701,0.9522221199411993,22643
423,0.9531570221923108,21677
881,0.9532243986324177,23126
675,0.9543002532822183,22551
643,0.9543621534311327,22433
449,0.9561606048620244,21746
679,0.9636920544640172,22560
225,0.9682948406573503,21014
425,0.9686215560327366,21679
221,0.9692704221904747,21009
689,0.9735603889265602,22611
108,0.9739733249672359,20684
533,0.9746782916505025,20106
246,0.9748583517041401,21050
443,0.9760606901374485,21733
697,0.9768573592476287,22639
368,0.9771021851773329,21601
444,0.9786957726073008,21734
740,0.9868067609377198,22737
653,0.9903596328287685,22472
469,0.9919150785246632,21781
746,0.9933094405683337,22746
690,0.9955916549614414,22620
376,0.9969256234440178,21622
668,0.9985541639190901,22534
448,1.0031225824923067,21742
673,1.0068569937727554,22546
700,1.0100056399464021,22642
704,1.0113371999064296,22646
79,1.0127469445953494,20628
672,1.0133912169881392,22542
226,1.016532278389857,21015
227,1.017573676261793,21017
644,1.021442813178445,22435
447,1.0218915881361204,21740
107,1.022590921224105,20680
375,1.0251010637718374,21620
891,1.0293508526830442,23148
373,1.0335479682234692,21617
714,1.034353872540874,22701
280,1.0376199130748216,21132
420,1.0381685993053147,21673
288,1.0458911411521838,21154
664,1.046522246669063,22511
479,1.0481536751957905,21795
424,1.0483429516931775,21678
386,1.0533973641664602,21634
372,1.0541786441398708,21613
278,1.0561572887185022,21130
650,1.056249240412616,22454
220,1.057400523447497,21005
694,1.062737181253112,22627
379,1.0641576010090683,21625
219,1.0661446519167854,21001
111,1.0684293262015805,20687
405,1.0689962733583425,21657
820,1.069610006860994,23009
229,1.0717490509258503,21028
712,1.0756865003247564,22663
458,1.0761523494125684,21767
680,1.0770098472809893,22567
698,1.0786412621417458,22640
721,1.0800148010261803,22716
691,1.0812268160100897,22623
709,1.0888924280574501,22656
732,1.0892855338088903,22729
651,1.0925375026597228,22460
825,1.0927743980017854,23023
822,1.102468093460316,23015
370,1.104151461198884,21610
674,1.1042949020792414,22548
380,1.1088038238257356,21626
415,1.1097278464521552,21667
692,1.110756199114092,22624
837,1.1122281286123905,23047
392,1.1156054689573827,21641
377,1.1212166842709974,21623
646,1.1216910807782077,22437
293,1.1217914066065675,21160
747,1.1227926381639441,22747
718,1.1254263160779017,22713
695,1.1256646563037405,22630
736,1.1280582514150566,22733
421,1.1293358840638017,21675
849,1.135868214142175,23069
234,1.1397069060685574,21034
412,1.139948745684218,21664
404,1.1422461998373776,21655
904,1.1423223697176839,23177
260,1.1451966505103672,21078
384,1.1461019679260211,21631
748,1.1555562087586746,22749
661,1.1564497836648537,22504
897,1.1573120519694609,23161
685,1.1581472271062787,22601
419,1.1591290347161294,21672
867,1.1663836976449833,23106
495,1.168795127642899,21835
440,1.1690686479736372,21722
408,1.1708940264206766,21660
708,1.1738242613453684,22655
728,1.1783096023297701,22725
654,1.179174532297134,22473
395,1.182254636026799,21645
859,1.1852556128507055,23085
798,1.1865503037448553,22948
826,1.189536312939717,23024
382,1.1908615782489596,21628
819,1.1910415075781713,23005
381,1.1910828985615631,21627
738,1.1934564458192294,22735
804,1.2021322954552776,22960
527,1.204061031842474,21918
855,1.2043989530511698,23079
519,1.2051427502586405,21902
393,1.2067602381288007,21643
394,1.20709390395875,21644
860,1.2090003531875355,23086
816,1.2104147978229534,22989
876,1.211753319534322,23117
733,1.2191612724049212,22730
720,1.2198239250684408,22715
687,1.2200856511913953,22603
688,1.2258960605570506,22610
909,1.2263187978713472,23192
703,1.2274102863469607,22645
742,1.2278041933332395,22740
369,1.2281446441562545,21607
383,1.2288257279156367,21629
642,1.2307945476570974,22432
520,1.2313854379250972,21903
875,1.2322680043116878,23116
521,1.2332784718281438,21904
660,1.2392805622134195,22503
725,1.2395289670764122,22722
686,1.2409777347931812,22602
432,1.2442058696655014,21711
416,1.2460989257379256,21668
513,1.2462528987695776,21869
391,1.2468663892070848,21640
526,1.2475860276463482,21917
528,1.249428384180973,21919
905,1.250599883975098,23180
862,1.2516618953977905,23091
400,1.2590036750084506,21651
868,1.259687540761404,23108
390,1.2669537890973437,21639
735,1.2672018525019062,22732
388,1.2673290806630142,21636
531,1.2679246000288462,21930
671,1.2720666216002798,22539
830,1.2727291264387903,23032
841,1.2738673839412442,23059
723,1.2741182861305431,22719
871,1.2750870152393785,23111
715,1.282249341387125,22709
524,1.2829213882692307,21914
906,1.284811438131154,23181
716,1.2869398675660306,22711
385,1.290173049802532,21632
407,1.2912062136323834,21659
902,1.2929168381921599,23175
523,1.3018458939673767,21913
842,1.302977583982667,23060
801,1.3044064475947001,22957
387,1.3048971780019507,21635
522,1.3050944095075354,21911
487,1.3056180193270044,21814
705,1.306761334278385,22650
398,1.3088143384195305,21649
518,1.3098010124704613,21901
864,1.3104699397989799,23093
918,1.3150318765767208,23227
498,1.3155241977926304,21840
734,1.3157161247527411,22731
710,1.3176312426753414,22657
889,1.3178042448278724,23146
880,1.3192469268822593,23124
919,1.3198009776449042,23228
870,1.3209192573369508,23110
399,1.3239300766925082,21650
730,1.3320975848224792,22727
682,1.3328275165044776,22576
931,1.333117684373797,23294
657,1.3352942923684081,22482
913,1.339333835247606,23222
888,1.34537633692198,23141
699,1.3454299405690509,22641
811,1.3477838327847775,22972
853,1.3478128560576041,23075
489,1.3492372532146344,21821
693,1.3520630984822914,22625
496,1.3534097437475818,21837
741,1.3535082362046018,22738
923,1.3540777894113456,23233
914,1.355058798822217,23223
510,1.3564139342502155,21865
921,1.356659779412112,23230
696,1.3580379260322364,22637
745,1.3600662740761402,22743
491,1.3608329100646879,21824
525,1.3625421775356847,21915
656,1.365608921261556,22480
506,1.3699951423290082,21861
505,1.3721879385874114,21856
706,1.3730189626468416,22652
883,1.3745186954699593,23129
511,1.3746600689870163,21866
917,1.3747039541192723,23226
794,1.3749975292037033,22942
892,1.3763556368606231,23149
893,1.3790247633105852,23150
846,1.3815294682724886,23065
932,1.381716703207803,23298
930,1.3824243757258854,23284
901,1.3827999972118226,23173
920,1.3829415208254985,23229
911,1.3829964015330078,23220
910,1.3839706770230633,23219
711,1.3845570222420218,22660
912,1.3883238163494127,23221
863,1.3907713955452492,23092
895,1.3910779073367463,23156
929,1.3921787576992057,23250
866,1.393653406228563,23103
865,1.3973357050572686,23102
861,1.4034541412513062,23089
928,1.4037401334432977,23238
683,1.404556448684776,22578
494,1.408600219257172,21830
764,1.4127137520172013,22835
900,1.4134128919530606,23169
530,1.4147631114984693,21921
450,1.4149062524141385,21750
707,1.4160119877309927,22654
894,1.418382747570448,23153
821,1.4184355306177971,23011
916,1.4274062782449317,23225
833,1.4292937452018584,23039
915,1.4331509069377697,23224
887,1.4334615965752162,23140
726,1.4349868776234203,22723
785,1.4410867534969323,22923
858,1.4439537689616126,23084
903,1.449760771684425,23176
925,1.4506533407293891,23235
529,1.4521516128644631,21920
922,1.4537072067547172,23231
851,1.459553847498546,23071
896,1.470751270207372,23160
873,1.4717297862667007,23113
512,1.4743353356748536,21867
713,1.475049914549213,22664
924,1.477406824067789,23234
702,1.4779331167005385,22644
808,1.4790417613714888,22968
850,1.4819348081277373,23070
484,1.4861064352246982,21810
775,1.48725009005957,22851
988,1.4904012604394594,23440
845,1.4907662830535895,23063
899,1.4946806445406338,23168
926,1.4947050154502923,23236
835,1.4972868353059121,23043
482,1.4982762392153928,21801
890,1.5024066591315626,23147
504,1.5024891484265328,21853
812,1.5111226844540082,22973
488,1.5115670636253222,21817
874,1.5145354745220496,23114
797,1.516396065795184,22947
490,1.5201049140886553,21822
813,1.5211272050113362,22974
838,1.522219827739849,23050
927,1.5231498522077738,23237
843,1.5252804505005286,23061
829,1.5254423849070038,23030
514,1.531051250155389,21871
831,1.5327306961460023,23035
517,1.533513988951627,21890
492,1.5351413189305088,21826
1065,1.545959597185244,23836
882,1.5516215421881177,23128
848,1.553297864373396,23068
457,1.5561488018925,21766
872,1.5579576594394628,23112
782,1.5587909620058897,22911
832,1.5592145596135263,23038
908,1.5639084421464058,23188
516,1.5711534732080954,21875
758,1.5716841989570174,22824
1062,1.5726944321720013,23832
847,1.57371790006138,23066
1061,1.5775000091523188,23831
497,1.5785153187270204,21838
886,1.5873911385327482,23139
854,1.5877004958741257,23076
1081,1.597971836952325,23860
805,1.5996565257982882,22963
840,1.6004310529195316,23056
839,1.6011625942818764,23055
789,1.606337163489217,22936
773,1.6067655928692304,22849
827,1.614396212575043,23025
869,1.6147099278120336,23109
483,1.617653064912254,21804
769,1.6181643748959351,22844
877,1.618956857167001,23119
788,1.6193929162259115,22935
1064,1.6198605494255938,23834
823,1.6223825126214084,23021
759,1.6295929296312213,22827
828,1.631235848472252,23027
878,1.6345003644020084,23120
836,1.642631548487775,23045
1106,1.643670087396769,23899
767,1.6459322839256623,22842
979,1.650474171764454,23427
1088,1.6549384885561753,23875
1067,1.657737465835539,23838
824,1.658696461929047,23022
1052,1.6594825548219463,23801
772,1.6605686310734,22847
363,1.6625337890454033,21555
907,1.6641789140585688,23185
781,1.6676338174222407,22908
501,1.672741421277287,21849
978,1.6735231309945287,23426
852,1.6780563425399602,23072
793,1.6786651491619304,22940
780,1.678853086217704,22904
884,1.679591294870072,23130
1092,1.6817369866527219,23881
1041,1.6836898978807135,23691
778,1.6836909585227218,22902
885,1.6881040589468475,23138
856,1.690251264964632,23081
777,1.6916130121892368,22901
898,1.6941259815147076,23163
351,1.6948878490705852,21530
844,1.7058290888457257,23062
503,1.7081625758528112,21851
957,1.7108655147196563,23358
1053,1.7134123799968752,23803
1006,1.7153303827652682,23488
776,1.7219169378189645,22853
972,1.7220131028141497,23417
966,1.7232351191654451,23409
959,1.7244352312508426,23389
752,1.7294446612772445,22810
502,1.7343926001355348,21850
1040,1.7373214129334933,23690
1071,1.7434865596500384,23842
879,1.7440870799640698,23123
976,1.7450179629838023,23422
1023,1.7502616079792193,23603
762,1.7503195316103128,22832
765,1.7508083738605096,22840
961,1.7530333872727595,23398
937,1.7547019947294153,23306
958,1.7549415946519105,23359
1096,1.7656777722341308,23885
970,1.7667461565049687,23415
779,1.7682612948662657,22903
971,1.7686843889706438,23416
755,1.769067195872184,22815
1063,1.7705782797120597,23833
817,1.7725727746654933,23002
1094,1.7731183461548257,23883
956,1.774450804499994,23357
1054,1.7754011546122104,23805
990,1.7762612789291514,23442
939,1.7796261550478356,23308
962,1.783540975052821,23401
770,1.7835678371992851,22845
1401,1.7841699849481123,24590
989,1.7850625514072482,23441
508,1.7875444471114788,21863
365,1.7896745136797914,21560
1068,1.7900549173818199,23839
974,1.7919801624289413,23420
787,1.792752323918527,22932
1042,1.7933982225608076,23692
1044,1.7938888420710681,23696
1028,1.7958257741218286,23608
818,1.7983964806445154,23004
953,1.7996764115369983,23350
1024,1.8016571044004355,23604
967,1.8020122546170387,23410
771,1.8022977726580725,22846
954,1.8096442801293042,23354
834,1.8103634207252464,23040
969,1.8108070124731133,23414
975,1.8175137047172945,23421
796,1.8197207624226017,22946
515,1.8202719589900778,21872
964,1.821098520887357,23407
1075,1.8262870560429512,23846
935,1.8282880495394636,23303
763,1.8286872868424286,22834
1340,1.829128283497229,24471
1101,1.8303800035749074,23891
1022,1.8379822308382925,23602
934,1.8387863810315457,23302
750,1.840142618673539,22802
960,1.840576845094787,23395
1004,1.8416574177393972,23486
1077,1.8421311777298341,23850
493,1.8430264814179964,21829
803,1.8456311851518388,22959
951,1.8458679588910019,23337
509,1.847168274516284,21864
963,1.8481422443986102,23405
1043,1.8483959942794275,23693
933,1.8487772549230064,23301
968,1.8507551861310303,23413
973,1.8563524322765672,23418
1003,1.85673029042056,23480
952,1.8627072356767616,23347
751,1.8630274749261129,22807
938,1.864451435311101,23307
965,1.8648759019013323,23408
1100,1.865442020846453,23890
345,1.8658316515161046,21502
1327,1.868945962817058,24441
499,1.8691257003461157,21841
1031,1.8755115159446285,23662
857,1.8773117185284702,23083
1026,1.8790993256906494,23606
790,1.8793699993224293,22937
749,1.8818052657646793,22801
1060,1.8822022181457534,23830
955,1.8830722870325098,23356
1070,1.8843970856659005,23841
977,1.8845467136368947,23423
774,1.888999231089495,22850
1103,1.8957001818320567,23894
1039,1.8980884606569801,23681
507,1.9014075268703698,21862
1021,1.9075796790925197,23601
1034,1.9124158059789644,23665
766,1.9136176442123396,22841
350,1.9149340755325601,21529
795,1.9150849161641181,22943
1320,1.916519255225714,24431
1069,1.9167337051881386,23840
943,1.9168393442834006,23316
485,1.9173012028728158,21811
1098,1.9197215856971916,23888
753,1.9210310529417443,22811
786,1.922295959187852,22931
1035,1.9261031319861843,23666
980,1.9263118057901356,23430
760,1.934592170837675,22830
349,1.9350065756786798,21524
486,1.9353215735668015,21813
936,1.9381179025871362,23304
940,1.9479006349261614,23310
950,1.9482112589703569,23336
1384,1.9526086987356377,24562
1033,1.9528510057861266,23664
1025,1.9556486621575166,23605
756,1.957362394234709,22820
1038,1.9574021184407446,23669
809,1.9586940973568232,22969
1351,1.9601854693259313,24486
1082,1.9609979603640177,23866
1120,1.961319713877601,23936
1095,1.967399945663386,23884
1339,1.9697697461216093,24469
783,1.973157493821239,22920
364,1.9761817682091245,21557
1093,1.9789100020277572,23882
1030,1.9806746987589257,23661
1032,1.9831970160777483,23663
1037,1.9859216296928646,23668
815,1.9873359475151102,22980
1036,1.9882010218698822,23667
1027,1.9882123653196495,23607
361,1.988968543719584,21545
1324,1.9894844814399626,24437
1118,1.9904465826725952,23930
941,1.9905548296494657,23314
1137,1.995040172271616,23966
1056,1.9989568418496222,23824
791,1.9996413777886732,22938
1086,2.003775986276335,23872
1029,2.0081035209285627,23651
1338,2.011773533326685,24467
1113,2.0165721937657204,23921
359,2.0264692719549404,21542
500,2.0266420082664496,21842
1130,2.03213486942904,23955
754,2.0423517426722078,22812
1090,2.0431708298881186,23878
982,2.0438273937836673,23433
1005,2.0472943248287296,23487
1114,2.0491928206032615,23922
1104,2.0504608683102847,23897
985,2.051235335387791,23436
1347,2.0521523419162655,24482
1105,2.054319739435838,23898
360,2.055518409093391,21543
1107,2.058276257890924,23901
353,2.058897316283753,21532
757,2.0589137592888314,22821
981,2.0637898615795454,23432
792,2.064052389123324,22939
1108,2.066440537098556,23909
761,2.0668194762767875,22831
1089,2.0672357555551897,23876
1015,2.074521490711277,23511
810,2.0758764315307894,22971
1408,2.0780306634535015,24599
802,2.0815600910530767,22958
1008,2.08206001863029,23503
356,2.085033548297467,21539
1099,2.0910588417705234,23889
367,2.0916941749138562,21562
357,2.0922483089717567,21540
1020,2.0927818682919224,23551
1083,2.096220479390786,23867
1010,2.1021143265676847,23505
347,2.1044226077120087,21521
1047,2.1061767769107456,23703
348,2.112221220978162,21523
1066,2.114030274209075,23837
984,2.114419266071465,23435
800,2.121809291602828,22952
1012,2.123417393676559,23508
799,2.123724346629031,22949
1018,2.1285272816497596,23518
1397,2.1333158379789645,24581
1123,2.1392124832043087,23942
1013,2.142483061855834,23509
1017,2.1435890021006285,23517
942,2.1439967134012763,23315
1011,2.1444141641986953,23507
1016,2.1446099988157195,23513
1059,2.144693857737694,23829
998,2.147156121007055,23459
1124,2.1514836824679544,23943
1049,2.1521069369228054,23707
1072,2.158283375852902,23843
1050,2.1583547044515465,23708
1014,2.160068872629852,23510
1310,2.1624815600875524,24401
1133,2.162854071065807,23960
768,2.1639557332433146,22843
1009,2.1647299583813386,23504
1085,2.1655166670224166,23870
945,2.166271646562954,23321
1345,2.1686259274436646,24477
1045,2.171718133424469,23701
1055,2.173991214989424,23821
1048,2.1770073327693793,23704
1007,2.180251315640809,23502
995,2.1820433619069837,23455
1079,2.18258350850741,23856
1122,2.183259978724877,23938
1019,2.185035778666352,23523
1051,2.190393424585626,23709
1046,2.1938811001255685,23702
1378,2.2043112817414716,24553
1129,2.208878367174521,23954
784,2.2132391727235885,22922
949,2.2133175307575312,23325
948,2.2143530839273824,23324
1073,2.2193107113881765,23844
983,2.2196970518243693,23434
1078,2.222045614776971,23851
1001,2.2275899133041017,23462
1316,2.228440863818904,24421
355,2.2285719731687372,21538
814,2.23382027329759,22976
807,2.236784978867027,22967
366,2.2383534520587625,21561
1141,2.240386812681653,23974
1125,2.241927133743315,23944
992,2.2437202558807856,23452
986,2.2509714051317515,23437
806,2.2510397083955,22964
1002,2.252509658724085,23464
354,2.2537724169772635,21536
1076,2.258517123095583,23847
991,2.2587832649037964,23451
1057,2.2620882790353747,23827
1087,2.264727097355916,23874
1131,2.264848889262834,23958
947,2.267475153968227,23323
944,2.2795865387753835,23320
1336,2.283709412520706,24464
1326,2.284095807711036,24440
994,2.2851694263392663,23454
1084,2.28761220861776,23868
1361,2.288600276933687,24522
999,2.2949424412446278,23460
1058,2.296499594357942,23828
1346,2.298761697465451,24479
1128,2.3050236499754777,23952
993,2.305392430586416,23453
1119,2.309251650570005,23934
1126,2.3113689723705235,23947
987,2.318731243229306,23438
1112,2.334780967388934,23920
1091,2.3426007166453218,23879
1344,2.3432676927371707,24476
1350,2.3522930507920474,24485
1341,2.3583053292881133,24472
1000,2.367721710825919,23461
996,2.369091026518007,23456
346,2.3778472378963413,21520
946,2.3788847442464522,23322
1334,2.383715859779689,24459
1360,2.3840406258491176,24521
1115,2.3858121667054886,23923
1328,2.389523876145907,24442
362,2.391560714618366,21550
1311,2.39598013413796,24411
1140,2.405717097259946,23970
358,2.4104838434932243,21541
1348,2.4131557552407883,24483
1102,2.413789719380562,23893
1405,2.4158066666528364,24595
1403,2.416042331254446,24593
1319,2.420135140792743,24430
1135,2.4204382415021732,23963
1121,2.4222551003397332,23937
1097,2.42651754271896,23887
1080,2.43381222066773,23857
1127,2.43604845263124,23950
1371,2.4454988062897853,24538
1322,2.4506829596346504,24433
1314,2.451172606206335,24415
1323,2.4644587841712644,24435
1391,2.4780258259144716,24572
1132,2.4802274327392255,23959
1116,2.4805113835284773,23924
1321,2.481608870470931,24432
997,2.4835836928829864,23457
1074,2.4848697702162195,23845
352,2.4901208926169622,21531
1109,2.4902207216284573,23915
1356,2.497720998279063,24504
1138,2.5078794362322814,23967
1333,2.514653264352621,24458
1111,2.5223010149901977,23919
1313,2.5293353776885965,24413
1142,2.533038272654218,23976
1134,2.540180509598269,23962
1342,2.542062100333403,24473
1392,2.545494202492084,24574
1365,2.556976660740003,24528
1325,2.565851014851463,24439
1315,2.5675044533977744,24416
1110,2.5895667119081196,23917
1353,2.5900246018607955,24501
1399,2.600350877120264,24588
1139,2.601101751576679,23968
1355,2.606767918597386,24503
1357,2.6098155412003545,24515
1352,2.6123801146731847,24487
1136,2.620972268264185,23964
1369,2.626903744654993,24534
1337,2.6334026195366405,24465
1354,2.6412776549572796,24502
1370,2.653036068127184,24536
1379,2.655443643215471,24554
1363,2.69006399684667,24526
1117,2.691054834649572,23927
1380,2.6974476540198005,24555
1331,2.7125743234462747,24450
1400,2.714356364541961,24589
1377,2.7242185011874014,24551
1393,2.7248963904457386,24577
1335,2.7297446533822294,24460
1372,2.738468489829638,24539
1366,2.7493731144625495,24529
1376,2.752406171548061,24550
1388,2.7563001018180264,24569
1395,2.7649120055523015,24579
1394,2.777669026141939,24578
1358,2.778021203997199,24517
1381,2.7795535033964685,24556
1396,2.806140591548975,24580
1389,2.8181085724903236,24570
1383,2.8273838997296563,24558
1407,2.8493682138168532,24598
1349,2.857875655107107,24484
1385,2.8630160878605735,24563
1317,2.8892356587770243,24422
1312,2.8916517464180984,24412
1390,2.8999737063680353,24571
1402,2.9012323933790753,24592
1362,2.9059970605299146,24523
1406,2.9272453150356217,24597
1386,2.934773845566096,24565
1330,2.936970193681142,24448
1163,2.9416546495081155,24066
1382,2.9466135618609015,24557
1329,2.965546082760119,24445
1188,2.9878452244642912,24104
1343,2.987971871951069,24474
1193,3.0100878726317,24122
1332,3.0133208737354575,24457
1220,3.0220225519223165,24174
1359,3.025889559568878,24520
1176,3.026653838033357,24085
1205,3.051967220695583,24139
1387,3.0682455377575955,24566
1404,3.082766500031551,24594
1192,3.0945685121339133,24121
1161,3.105631797095226,24064
1214,3.124523347795283,24161
1364,3.133576423895236,24527
1368,3.1352568700177,24531
1181,3.136247647025898,24090
1185,3.1479640996700025,24095
1223,3.169012345583653,24179
1398,3.175507886943504,24586
1318,3.209563719693715,24426
1174,3.217319589365574,24083
1170,3.2215247252260415,24077
1221,3.2240590346351836,24175
1186,3.225950235220986,24101
1222,3.2273416124527814,24176
1144,3.2401502512515243,24012
1203,3.2462493550845517,24137
1373,3.252772489658965,24540
1224,3.252863367423864,24184
1152,3.2597033645581597,24020
1375,3.2636456527970865,24549
1151,3.2770360373684455,24019
1367,3.283916618269681,24530
1145,3.2847240987538546,24013
1183,3.290104500641185,24092
1153,3.290438364327505,24022
1146,3.2976580343334425,24014
1143,3.299663606287612,24011
1148,3.310613862521146,24016
1149,3.3324109469702363,24017
1147,3.340426633255815,24015
1374,3.354507332518442,24541
1162,3.3961177327699645,24065
1212,3.3983091709455735,24151
1150,3.4164622080409868,24018
1198,3.43000495654774,24131
1195,3.4334133480938327,24127
1155,3.438492751681549,24054
1213,3.441449018869675,24153
1165,3.4496246188297848,24069
1166,3.4938756149174135,24070
1158,3.5217392909518996,24059
1190,3.523491252080239,24112
1164,3.5271885354933876,24067
1171,3.574299970917161,24078
1187,3.5760324136813173,24102
1178,3.590673131782115,24087
1172,3.5919519758967753,24079
1218,3.595554337321808,24168
1179,3.612505249276554,24088
1156,3.618888793807657,24055
1180,3.624407164404578,24089
1209,3.62983962719883,24148
1215,3.6416296746509387,24162
1167,3.666408445764882,24072
1159,3.7306262930688487,24060
1204,3.7347938415936115,24138
1196,3.7424096978401478,24128
1160,3.7509908365326528,24061
1216,3.770605105102316,24165
1200,3.7760820344567607,24133
1168,3.7899589139088623,24073
1182,3.804462552305952,24091
1173,3.8065667378897277,24082
1225,3.823709960061269,24185
1211,3.833529519079988,24150
1210,3.8509602392830478,24149
1219,3.869088308797595,24171
1202,3.8752099341134705,24136
1207,3.90092433024129,24142
1177,3.920556193593793,24086
1206,3.9318496786429953,24141
1197,3.9371547810336502,24129
1157,3.9405611531265037,24058
1199,3.958684031189934,24132
1191,3.987661133638749,24120
1307,3.9915940036573563,24380
1217,4.021071402784305,24167
1208,4.048235242470701,24147
1189,4.055170571448952,24105
1169,4.061705991713988,24076
1201,4.062315289243191,24134
1291,4.076128504289888,24347
1184,4.079780862564097,24093
1295,4.0923556617099965,24352
1283,4.105590115488324,24325
1194,4.119076188153227,24124
1175,4.12734919970317,24084
1154,4.147609625346779,24053
1270,4.155361753848266,24301
1282,4.186655934174792,24324
1290,4.208836983882529,24343
1273,4.2246810054035695,24313
1286,4.256295800153533,24328
1277,4.266771002152075,24317
1297,4.304333866057553,24360
1272,4.32448561467437,24312
1308,4.349945106675548,24381
1300,4.354492448398053,24366
1275,4.356465566686964,24315
1294,4.360099677937414,24351
1293,4.465285724484091,24350
1288,4.4697229000670164,24333
1309,4.480093205702894,24382
1274,4.485707540546518,24314
1287,4.5125384332713265,24330
1280,4.55855424758195,24322
1423,4.569697010909598,24635
1417,4.574836931519176,24613
1412,4.603534338965518,24605
1281,4.603807918752798,24323
1413,4.615760873952403,24606
1303,4.638329487213192,24374
1284,4.662283239015412,24326
1301,4.6825285066543305,24368
1292,4.684111493931054,24348
1278,4.717384645829547,24318
1420,4.737071556133015,24630
1271,4.7830670915481575,24311
1429,4.7929018415996225,24651
1304,4.816224485995674,24375
1409,4.8827703955566815,24601
1305,4.885321980706024,24377
1306,4.886688652519423,24378
1299,4.896393421499723,24363
1410,4.901210870414005,24602
1296,4.9302758113797545,24354
1424,4.996516295016188,24637
1276,4.998278198456038,24316
1302,5.031574516054013,24370
1268,5.0547781930436075,24292
1279,5.062796773146904,24319
1426,5.065103159208685,24641
1431,5.066678069941829,24657
1415,5.0842563771054445,24609
1422,5.102834954533617,24634
1416,5.106590512155958,24612
1425,5.137173851317626,24639
1289,5.158085111472922,24340
1419,5.167304057665097,24620
1240,5.18375293908064,24236
1428,5.18411325869203,24649
1421,5.209613471696036,24631
1285,5.214263275752236,24327
1298,5.231498023836255,24361
1263,5.247723204126094,24280
1418,5.251711474578624,24614
1427,5.267215450110024,24646
1252,5.278716442614221,24260
1430,5.344146473744441,24656
1411,5.354160849192553,24603
1229,5.378657600224523,24211
1242,5.3846429786717795,24239
1228,5.391754882389049,24210
1231,5.4189355628117255,24217
1236,5.427008309598033,24225
1255,5.432407796878161,24266
1414,5.442495887220994,24607
1233,5.459007562864005,24220
1250,5.482440429852445,24256
1241,5.520943291676136,24237
1237,5.553758698299401,24226
1259,5.589830522650914,24272
1226,5.5911256188408185,24201
1235,5.600554236028359,24224
1227,5.613885950496507,24202
1257,5.615796316720371,24270
1256,5.616084105806095,24269
1266,5.630492849738771,24283
1238,5.6553457812267185,24228
1239,5.723680252871132,24230
1258,5.766579736723155,24271
1251,5.79766174181379,24258
1269,5.815870200951958,24293
1245,5.825377482127347,24245
1262,5.837019557173181,24279
1260,5.91695211478818,24273
1248,5.921145605628825,24250
1267,5.956039299223649,24290
1249,5.974814248441355,24251
1246,6.030980019340136,24246
1232,6.039276638445342,24219
1230,6.055082128923775,24216
1244,6.13482132217168,24244
1254,6.224392047521848,24265
1243,6.22588668244722,24243
1265,6.339735001542233,24282
1261,6.33989897519904,24277
1234,6.345728582204068,24221
1253,6.479513480287196,24263
1264,6.654899763206943,24281
1247,6.830781199008977,24248
